steering_motor_model:
  kp: 0.00250
  ki: 0.01
  kd: 0.00001