15.000 -1.500 0
15.048 -1.500 0
15.096 -1.501 0
15.144 -1.501 0
15.192 -1.502 0
15.240 -1.504 0
15.287 -1.505 0
15.335 -1.507 0
15.383 -1.510 0
15.431 -1.512 0
15.479 -1.515 0
15.527 -1.518 0
15.574 -1.522 0
15.622 -1.525 0
15.670 -1.529 0
15.718 -1.534 0
15.765 -1.538 0
15.813 -1.543 0
15.861 -1.549 0
15.908 -1.554 0
15.956 -1.560 0
16.003 -1.566 0
16.051 -1.573 0
16.098 -1.579 0
16.145 -1.587 0
16.193 -1.594 0
16.240 -1.602 0
16.287 -1.609 0
16.335 -1.618 0
16.382 -1.626 0
16.429 -1.635 0
16.476 -1.644 0
16.523 -1.654 0
16.570 -1.663 0
16.617 -1.673 0
16.663 -1.684 0
16.710 -1.694 0
16.757 -1.705 0
16.803 -1.716 0
16.850 -1.728 0
16.896 -1.740 0
16.943 -1.752 0
16.989 -1.764 0
17.035 -1.777 0
17.081 -1.790 0
17.127 -1.803 0
17.173 -1.816 0
17.219 -1.830 0
17.265 -1.844 0
17.311 -1.859 0
17.356 -1.873 0
17.402 -1.888 0
17.447 -1.903 0
17.493 -1.919 0
17.538 -1.935 0
17.583 -1.951 0
17.628 -1.967 0
17.673 -1.984 0
17.718 -2.001 0
17.762 -2.018 0
17.807 -2.035 0
17.851 -2.053 0
17.896 -2.071 0
17.940 -2.090 0
17.984 -2.108 0
18.028 -2.127 0
18.072 -2.146 0
18.116 -2.166 0
18.160 -2.185 0
18.203 -2.205 0
18.247 -2.226 0
18.290 -2.246 0
18.333 -2.267 0
18.376 -2.288 0
18.419 -2.309 0
18.462 -2.331 0
18.504 -2.353 0
18.547 -2.375 0
18.589 -2.398 0
18.631 -2.420 0
18.673 -2.443 0
18.715 -2.466 0
18.757 -2.490 0
18.799 -2.514 0
18.840 -2.538 0
18.881 -2.562 0
18.923 -2.586 0
18.964 -2.611 0
19.004 -2.636 0
19.045 -2.661 0
19.086 -2.687 0
19.126 -2.713 0
19.166 -2.739 0
19.206 -2.765 0
19.246 -2.792 0
19.286 -2.819 0
19.325 -2.846 0
19.365 -2.873 0
19.404 -2.900 0
19.443 -2.928 0
19.482 -2.956 0
19.521 -2.985 0
19.559 -3.013 0
19.597 -3.042 0
19.635 -3.071 0
19.673 -3.100 0
19.711 -3.130 0
19.749 -3.159 0
19.786 -3.189 0
19.823 -3.219 0
19.860 -3.250 0
19.897 -3.280 0
19.934 -3.311 0
19.970 -3.342 0
20.006 -3.374 0
20.043 -3.405 0
20.078 -3.437 0
20.114 -3.469 0
20.149 -3.501 0
20.185 -3.534 0
20.220 -3.567 0
20.254 -3.600 0
20.289 -3.633 0
20.324 -3.666 0
20.358 -3.700 0
20.392 -3.733 0
20.425 -3.767 0
20.459 -3.801 0
20.492 -3.836 0
20.525 -3.871 0
20.558 -3.905 0
20.591 -3.940 0
20.624 -3.976 0
20.656 -4.011 0
20.688 -4.047 0
20.720 -4.082 0
20.751 -4.119 0
20.783 -4.155 0
20.814 -4.191 0
20.845 -4.228 0
20.875 -4.265 0
20.906 -4.302 0
20.936 -4.339 0
20.966 -4.376 0
20.995 -4.414 0
21.025 -4.452 0
21.054 -4.490 0
21.083 -4.528 0
21.112 -4.566 0
21.140 -4.604 0
21.169 -4.643 0
21.197 -4.682 0
21.225 -4.721 0
21.252 -4.760 0
21.279 -4.800 0
21.306 -4.839 0
21.333 -4.879 0
21.360 -4.919 0
21.386 -4.959 0
21.412 -4.999 0
21.438 -5.039 0
21.464 -5.080 0
21.489 -5.121 0
21.514 -5.161 0
21.539 -5.202 0
21.563 -5.244 0
21.587 -5.285 0
21.611 -5.326 0
21.635 -5.368 0
21.659 -5.410 0
21.682 -5.452 0
21.705 -5.494 0
21.727 -5.536 0
21.750 -5.578 0
21.772 -5.621 0
21.794 -5.663 0
21.816 -5.706 0
21.837 -5.749 0
21.858 -5.792 0
21.879 -5.835 0
21.899 -5.878 0
21.920 -5.922 0
21.940 -5.965 0
21.959 -6.009 0
21.979 -6.053 0
21.998 -6.097 0
22.017 -6.141 0
22.035 -6.185 0
22.054 -6.229 0
22.072 -6.274 0
22.090 -6.318 0
22.107 -6.363 0
22.124 -6.407 0
22.141 -6.452 0
22.158 -6.497 0
22.174 -6.542 0
22.190 -6.587 0
22.206 -6.632 0
22.222 -6.678 0
22.237 -6.723 0
22.252 -6.769 0
22.266 -6.814 0
22.281 -6.860 0
22.295 -6.906 0
22.309 -6.952 0
22.322 -6.998 0
22.335 -7.044 0
22.348 -7.090 0
22.361 -7.136 0
22.373 -7.182 0
22.385 -7.229 0
22.397 -7.275 0
22.409 -7.322 0
22.420 -7.368 0
22.431 -7.415 0
22.441 -7.462 0
22.452 -7.508 0
22.462 -7.555 0
22.471 -7.602 0
22.481 -7.649 0
22.490 -7.696 0
22.499 -7.743 0
22.507 -7.790 0
22.516 -7.838 0
22.523 -7.885 0
22.531 -7.932 0
22.538 -7.980 0
22.546 -8.027 0
22.552 -8.074 0
22.559 -8.122 0
22.565 -8.169 0
22.571 -8.217 0
22.576 -8.264 0
22.582 -8.312 0
22.587 -8.360 0
22.591 -8.407 0
22.596 -8.455 0
22.600 -8.503 0
22.603 -8.551 0
22.607 -8.598 0
22.610 -8.646 0
22.613 -8.694 0
22.615 -8.742 0
22.618 -8.790 0
22.620 -8.838 0
22.621 -8.885 0
22.623 -8.933 0
22.624 -8.981 0
22.624 -9.029 0
22.625 -9.077 0
22.625 -9.125 0
22.625 -9.173 0
22.624 -9.221 0
22.624 -9.269 0
22.623 -9.317 0
22.621 -9.365 0
22.620 -9.412 0
22.618 -9.460 0
22.615 -9.508 0
22.613 -9.556 0
22.610 -9.604 0
22.607 -9.652 0
22.603 -9.699 0
22.600 -9.747 0
22.596 -9.795 0
22.591 -9.843 0
22.587 -9.890 0
22.582 -9.938 0
22.576 -9.986 0
22.571 -10.033 0
22.565 -10.081 0
22.559 -10.128 0
22.552 -10.176 0
22.546 -10.223 0
22.538 -10.270 0
22.531 -10.318 0
22.523 -10.365 0
22.516 -10.412 0
22.507 -10.460 0
22.499 -10.507 0
22.490 -10.554 0
22.481 -10.601 0
22.471 -10.648 0
22.462 -10.695 0
22.452 -10.742 0
22.441 -10.788 0
22.431 -10.835 0
22.420 -10.882 0
22.409 -10.928 0
22.397 -10.975 0
22.385 -11.021 0
22.373 -11.068 0
22.361 -11.114 0
22.348 -11.160 0
22.335 -11.206 0
22.322 -11.252 0
22.309 -11.298 0
22.295 -11.344 0
22.281 -11.390 0
22.266 -11.436 0
22.252 -11.481 0
22.237 -11.527 0
22.222 -11.572 0
22.206 -11.618 0
22.190 -11.663 0
22.174 -11.708 0
22.158 -11.753 0
22.141 -11.798 0
22.124 -11.843 0
22.107 -11.887 0
22.090 -11.932 0
22.072 -11.976 0
22.054 -12.021 0
22.035 -12.065 0
22.017 -12.109 0
21.998 -12.153 0
21.979 -12.197 0
21.959 -12.241 0
21.940 -12.285 0
21.920 -12.328 0
21.899 -12.372 0
21.879 -12.415 0
21.858 -12.458 0
21.837 -12.501 0
21.816 -12.544 0
21.794 -12.587 0
21.772 -12.629 0
21.750 -12.672 0
21.727 -12.714 0
21.705 -12.756 0
21.682 -12.798 0
21.659 -12.840 0
21.635 -12.882 0
21.611 -12.924 0
21.587 -12.965 0
21.563 -13.006 0
21.539 -13.048 0
21.514 -13.089 0
21.489 -13.129 0
21.464 -13.170 0
21.438 -13.211 0
21.412 -13.251 0
21.386 -13.291 0
21.360 -13.331 0
21.333 -13.371 0
21.306 -13.411 0
21.279 -13.450 0
21.252 -13.490 0
21.225 -13.529 0
21.197 -13.568 0
21.169 -13.607 0
21.140 -13.646 0
21.112 -13.684 0
21.083 -13.722 0
21.054 -13.760 0
21.025 -13.798 0
20.995 -13.836 0
20.966 -13.874 0
20.936 -13.911 0
20.906 -13.948 0
20.875 -13.985 0
20.845 -14.022 0
20.814 -14.059 0
20.783 -14.095 0
20.751 -14.131 0
20.720 -14.168 0
20.688 -14.203 0
20.656 -14.239 0
20.624 -14.274 0
20.591 -14.310 0
20.558 -14.345 0
20.525 -14.379 0
20.492 -14.414 0
20.459 -14.449 0
20.425 -14.483 0
20.392 -14.517 0
20.358 -14.550 0
20.324 -14.584 0
20.289 -14.617 0
20.254 -14.650 0
20.220 -14.683 0
20.185 -14.716 0
20.149 -14.749 0
20.114 -14.781 0
20.078 -14.813 0
20.043 -14.845 0
20.006 -14.876 0
19.970 -14.908 0
19.934 -14.939 0
19.897 -14.970 0
19.860 -15.000 0
19.823 -15.031 0
19.786 -15.061 0
19.749 -15.091 0
19.711 -15.120 0
19.673 -15.150 0
19.635 -15.179 0
19.597 -15.208 0
19.559 -15.237 0
19.521 -15.265 0
19.482 -15.294 0
19.443 -15.322 0
19.404 -15.350 0
19.365 -15.377 0
19.325 -15.404 0
19.286 -15.431 0
19.246 -15.458 0
19.206 -15.485 0
19.166 -15.511 0
19.126 -15.537 0
19.086 -15.563 0
19.045 -15.589 0
19.004 -15.614 0
18.964 -15.639 0
18.923 -15.664 0
18.881 -15.688 0
18.840 -15.712 0
18.799 -15.736 0
18.757 -15.760 0
18.715 -15.784 0
18.673 -15.807 0
18.631 -15.830 0
18.589 -15.852 0
18.547 -15.875 0
18.504 -15.897 0
18.462 -15.919 0
18.419 -15.941 0
18.376 -15.962 0
18.333 -15.983 0
18.290 -16.004 0
18.247 -16.024 0
18.203 -16.045 0
18.160 -16.065 0
18.116 -16.084 0
18.072 -16.104 0
18.028 -16.123 0
17.984 -16.142 0
17.940 -16.160 0
17.896 -16.179 0
17.851 -16.197 0
17.807 -16.215 0
17.762 -16.232 0
17.718 -16.249 0
17.673 -16.266 0
17.628 -16.283 0
17.583 -16.299 0
17.538 -16.315 0
17.493 -16.331 0
17.447 -16.347 0
17.402 -16.362 0
17.356 -16.377 0
17.311 -16.391 0
17.265 -16.406 0
17.219 -16.420 0
17.173 -16.434 0
17.127 -16.447 0
17.081 -16.460 0
17.035 -16.473 0
16.989 -16.486 0
16.943 -16.498 0
16.896 -16.510 0
16.850 -16.522 0
16.803 -16.534 0
16.757 -16.545 0
16.710 -16.556 0
16.663 -16.566 0
16.617 -16.577 0
16.570 -16.587 0
16.523 -16.596 0
16.476 -16.606 0
16.429 -16.615 0
16.382 -16.624 0
16.335 -16.632 0
16.287 -16.641 0
16.240 -16.648 0
16.193 -16.656 0
16.145 -16.663 0
16.098 -16.671 0
16.051 -16.677 0
16.003 -16.684 0
15.956 -16.690 0
15.908 -16.696 0
15.861 -16.701 0
15.813 -16.707 0
15.765 -16.712 0
15.718 -16.716 0
15.670 -16.721 0
15.622 -16.725 0
15.574 -16.728 0
15.527 -16.732 0
15.479 -16.735 0
15.431 -16.738 0
15.383 -16.740 0
15.335 -16.743 0
15.287 -16.745 0
15.240 -16.746 0
15.192 -16.748 0
15.144 -16.749 0
15.096 -16.749 0
15.048 -16.750 0
15.000 -16.750 0
14.952 -16.750 0
14.904 -16.749 0
14.856 -16.749 0
14.808 -16.748 0
14.760 -16.746 0
14.713 -16.745 0
14.665 -16.743 0
14.617 -16.740 0
14.569 -16.738 0
14.521 -16.735 0
14.473 -16.732 0
14.426 -16.728 0
14.378 -16.725 0
14.330 -16.721 0
14.282 -16.716 0
14.235 -16.712 0
14.187 -16.707 0
14.139 -16.701 0
14.092 -16.696 0
14.044 -16.690 0
13.997 -16.684 0
13.949 -16.677 0
13.902 -16.671 0
13.855 -16.663 0
13.807 -16.656 0
13.760 -16.648 0
13.713 -16.641 0
13.665 -16.632 0
13.618 -16.624 0
13.571 -16.615 0
13.524 -16.606 0
13.477 -16.596 0
13.430 -16.587 0
13.383 -16.577 0
13.337 -16.566 0
13.290 -16.556 0
13.243 -16.545 0
13.197 -16.534 0
13.150 -16.522 0
13.104 -16.510 0
13.057 -16.498 0
13.011 -16.486 0
12.965 -16.473 0
12.919 -16.460 0
12.873 -16.447 0
12.827 -16.434 0
12.781 -16.420 0
12.735 -16.406 0
12.689 -16.391 0
12.644 -16.377 0
12.598 -16.362 0
12.553 -16.347 0
12.507 -16.331 0
12.462 -16.315 0
12.417 -16.299 0
12.372 -16.283 0
12.327 -16.266 0
12.282 -16.249 0
12.238 -16.232 0
12.193 -16.215 0
12.149 -16.197 0
12.104 -16.179 0
12.060 -16.160 0
12.016 -16.142 0
11.972 -16.123 0
11.928 -16.104 0
11.884 -16.084 0
11.840 -16.065 0
11.797 -16.045 0
11.753 -16.024 0
11.710 -16.004 0
11.667 -15.983 0
11.624 -15.962 0
11.581 -15.941 0
11.538 -15.919 0
11.496 -15.897 0
11.453 -15.875 0
11.411 -15.852 0
11.369 -15.830 0
11.327 -15.807 0
11.285 -15.784 0
11.243 -15.760 0
11.201 -15.736 0
11.160 -15.712 0
11.119 -15.688 0
11.077 -15.664 0
11.036 -15.639 0
10.996 -15.614 0
10.955 -15.589 0
10.914 -15.563 0
10.874 -15.537 0
10.834 -15.511 0
10.794 -15.485 0
10.754 -15.458 0
10.714 -15.431 0
10.675 -15.404 0
10.635 -15.377 0
10.596 -15.350 0
10.557 -15.322 0
10.518 -15.294 0
10.479 -15.265 0
10.441 -15.237 0
10.403 -15.208 0
10.365 -15.179 0
10.327 -15.150 0
10.289 -15.120 0
10.251 -15.091 0
10.214 -15.061 0
10.177 -15.031 0
10.140 -15.000 0
10.103 -14.970 0
10.066 -14.939 0
10.030 -14.908 0
9.994 -14.876 0
9.957 -14.845 0
9.922 -14.813 0
9.886 -14.781 0
9.851 -14.749 0
9.815 -14.716 0
9.780 -14.683 0
9.746 -14.650 0
9.711 -14.617 0
9.676 -14.584 0
9.642 -14.550 0
9.608 -14.517 0
9.575 -14.483 0
9.541 -14.449 0
9.508 -14.414 0
9.475 -14.379 0
9.442 -14.345 0
9.409 -14.310 0
9.376 -14.274 0
9.344 -14.239 0
9.312 -14.203 0
9.280 -14.168 0
9.249 -14.131 0
9.217 -14.095 0
9.186 -14.059 0
9.155 -14.022 0
9.125 -13.985 0
9.094 -13.948 0
9.064 -13.911 0
9.034 -13.874 0
9.005 -13.836 0
8.975 -13.798 0
8.946 -13.760 0
8.917 -13.722 0
8.888 -13.684 0
8.860 -13.646 0
8.831 -13.607 0
8.803 -13.568 0
8.775 -13.529 0
8.748 -13.490 0
8.721 -13.450 0
8.694 -13.411 0
8.667 -13.371 0
8.640 -13.331 0
8.614 -13.291 0
8.588 -13.251 0
8.562 -13.211 0
8.536 -13.170 0
8.511 -13.129 0
8.486 -13.089 0
8.461 -13.048 0
8.437 -13.006 0
8.413 -12.965 0
8.389 -12.924 0
8.365 -12.882 0
8.341 -12.840 0
8.318 -12.798 0
8.295 -12.756 0
8.273 -12.714 0
8.250 -12.672 0
8.228 -12.629 0
8.206 -12.587 0
8.184 -12.544 0
8.163 -12.501 0
8.142 -12.458 0
8.121 -12.415 0
8.101 -12.372 0
8.080 -12.328 0
8.060 -12.285 0
8.041 -12.241 0
8.021 -12.197 0
8.002 -12.153 0
7.983 -12.109 0
7.965 -12.065 0
7.946 -12.021 0
7.928 -11.976 0
7.910 -11.932 0
7.893 -11.887 0
7.876 -11.843 0
7.859 -11.798 0
7.842 -11.753 0
7.826 -11.708 0
7.810 -11.663 0
7.794 -11.618 0
7.778 -11.572 0
7.763 -11.527 0
7.748 -11.481 0
7.734 -11.436 0
7.719 -11.390 0
7.705 -11.344 0
7.691 -11.298 0
7.678 -11.252 0
7.665 -11.206 0
7.652 -11.160 0
7.639 -11.114 0
7.627 -11.068 0
7.615 -11.021 0
7.603 -10.975 0
7.591 -10.928 0
7.580 -10.882 0
7.569 -10.835 0
7.559 -10.788 0
7.548 -10.742 0
7.538 -10.695 0
7.529 -10.648 0
7.519 -10.601 0
7.510 -10.554 0
7.501 -10.507 0
7.493 -10.460 0
7.484 -10.412 0
7.477 -10.365 0
7.469 -10.318 0
7.462 -10.270 0
7.454 -10.223 0
7.448 -10.176 0
7.441 -10.128 0
7.435 -10.081 0
7.429 -10.033 0
7.424 -9.986 0
7.418 -9.938 0
7.413 -9.890 0
7.409 -9.843 0
7.404 -9.795 0
7.400 -9.747 0
7.397 -9.699 0
7.393 -9.652 0
7.390 -9.604 0
7.387 -9.556 0
7.385 -9.508 0
7.382 -9.460 0
7.380 -9.412 0
7.379 -9.365 0
7.377 -9.317 0
7.376 -9.269 0
7.376 -9.221 0
7.375 -9.173 0
7.375 -9.125 0
7.375 -9.077 0
7.376 -9.029 0
7.376 -8.981 0
7.377 -8.933 0
7.379 -8.885 0
7.380 -8.838 0
7.382 -8.790 0
7.385 -8.742 0
7.387 -8.694 0
7.390 -8.646 0
7.393 -8.598 0
7.397 -8.551 0
7.400 -8.503 0
7.404 -8.455 0
7.409 -8.407 0
7.413 -8.360 0
7.418 -8.312 0
7.424 -8.264 0
7.429 -8.217 0
7.435 -8.169 0
7.441 -8.122 0
7.448 -8.074 0
7.454 -8.027 0
7.462 -7.980 0
7.469 -7.932 0
7.477 -7.885 0
7.484 -7.838 0
7.493 -7.790 0
7.501 -7.743 0
7.510 -7.696 0
7.519 -7.649 0
7.529 -7.602 0
7.538 -7.555 0
7.548 -7.508 0
7.559 -7.462 0
7.569 -7.415 0
7.580 -7.368 0
7.591 -7.322 0
7.603 -7.275 0
7.615 -7.229 0
7.627 -7.182 0
7.639 -7.136 0
7.652 -7.090 0
7.665 -7.044 0
7.678 -6.998 0
7.691 -6.952 0
7.705 -6.906 0
7.719 -6.860 0
7.734 -6.814 0
7.748 -6.769 0
7.763 -6.723 0
7.778 -6.678 0
7.794 -6.632 0
7.810 -6.587 0
7.826 -6.542 0
7.842 -6.497 0
7.859 -6.452 0
7.876 -6.407 0
7.893 -6.363 0
7.910 -6.318 0
7.928 -6.274 0
7.946 -6.229 0
7.965 -6.185 0
7.983 -6.141 0
8.002 -6.097 0
8.021 -6.053 0
8.041 -6.009 0
8.060 -5.965 0
8.080 -5.922 0
8.101 -5.878 0
8.121 -5.835 0
8.142 -5.792 0
8.163 -5.749 0
8.184 -5.706 0
8.206 -5.663 0
8.228 -5.621 0
8.250 -5.578 0
8.273 -5.536 0
8.295 -5.494 0
8.318 -5.452 0
8.341 -5.410 0
8.365 -5.368 0
8.389 -5.326 0
8.413 -5.285 0
8.437 -5.244 0
8.461 -5.202 0
8.486 -5.161 0
8.511 -5.121 0
8.536 -5.080 0
8.562 -5.039 0
8.588 -4.999 0
8.614 -4.959 0
8.640 -4.919 0
8.667 -4.879 0
8.694 -4.839 0
8.721 -4.800 0
8.748 -4.760 0
8.775 -4.721 0
8.803 -4.682 0
8.831 -4.643 0
8.860 -4.604 0
8.888 -4.566 0
8.917 -4.528 0
8.946 -4.490 0
8.975 -4.452 0
9.005 -4.414 0
9.034 -4.376 0
9.064 -4.339 0
9.094 -4.302 0
9.125 -4.265 0
9.155 -4.228 0
9.186 -4.191 0
9.217 -4.155 0
9.249 -4.119 0
9.280 -4.082 0
9.312 -4.047 0
9.344 -4.011 0
9.376 -3.976 0
9.409 -3.940 0
9.442 -3.905 0
9.475 -3.871 0
9.508 -3.836 0
9.541 -3.801 0
9.575 -3.767 0
9.608 -3.733 0
9.642 -3.700 0
9.676 -3.666 0
9.711 -3.633 0
9.746 -3.600 0
9.780 -3.567 0
9.815 -3.534 0
9.851 -3.501 0
9.886 -3.469 0
9.922 -3.437 0
9.957 -3.405 0
9.994 -3.374 0
10.030 -3.342 0
10.066 -3.311 0
10.103 -3.280 0
10.140 -3.250 0
10.177 -3.219 0
10.214 -3.189 0
10.251 -3.159 0
10.289 -3.130 0
10.327 -3.100 0
10.365 -3.071 0
10.403 -3.042 0
10.441 -3.013 0
10.479 -2.985 0
10.518 -2.956 0
10.557 -2.928 0
10.596 -2.900 0
10.635 -2.873 0
10.675 -2.846 0
10.714 -2.819 0
10.754 -2.792 0
10.794 -2.765 0
10.834 -2.739 0
10.874 -2.713 0
10.914 -2.687 0
10.955 -2.661 0
10.996 -2.636 0
11.036 -2.611 0
11.077 -2.586 0
11.119 -2.562 0
11.160 -2.538 0
11.201 -2.514 0
11.243 -2.490 0
11.285 -2.466 0
11.327 -2.443 0
11.369 -2.420 0
11.411 -2.398 0
11.453 -2.375 0
11.496 -2.353 0
11.538 -2.331 0
11.581 -2.309 0
11.624 -2.288 0
11.667 -2.267 0
11.710 -2.246 0
11.753 -2.226 0
11.797 -2.205 0
11.840 -2.185 0
11.884 -2.166 0
11.928 -2.146 0
11.972 -2.127 0
12.016 -2.108 0
12.060 -2.090 0
12.104 -2.071 0
12.149 -2.053 0
12.193 -2.035 0
12.238 -2.018 0
12.282 -2.001 0
12.327 -1.984 0
12.372 -1.967 0
12.417 -1.951 0
12.462 -1.935 0
12.507 -1.919 0
12.553 -1.903 0
12.598 -1.888 0
12.644 -1.873 0
12.689 -1.859 0
12.735 -1.844 0
12.781 -1.830 0
12.827 -1.816 0
12.873 -1.803 0
12.919 -1.790 0
12.965 -1.777 0
13.011 -1.764 0
13.057 -1.752 0
13.104 -1.740 0
13.150 -1.728 0
13.197 -1.716 0
13.243 -1.705 0
13.290 -1.694 0
13.337 -1.684 0
13.383 -1.673 0
13.430 -1.663 0
13.477 -1.654 0
13.524 -1.644 0
13.571 -1.635 0
13.618 -1.626 0
13.665 -1.618 0
13.713 -1.609 0
13.760 -1.602 0
13.807 -1.594 0
13.855 -1.587 0
13.902 -1.579 0
13.949 -1.573 0
13.997 -1.566 0
14.044 -1.560 0
14.092 -1.554 0
14.139 -1.549 0
14.187 -1.543 0
14.235 -1.538 0
14.282 -1.534 0
14.330 -1.529 0
14.378 -1.525 0
14.426 -1.522 0
14.473 -1.518 0
14.521 -1.515 0
14.569 -1.512 0
14.617 -1.510 0
14.665 -1.507 0
14.713 -1.505 0
14.760 -1.504 0
14.808 -1.502 0
14.856 -1.501 0
14.904 -1.501 0
14.952 -1.500 0
15.000 1.500 0
15.048 1.500 0
15.096 1.501 0
15.144 1.501 0
15.192 1.502 0
15.240 1.504 0
15.287 1.505 0
15.335 1.507 0
15.383 1.510 0
15.431 1.512 0
15.479 1.515 0
15.527 1.518 0
15.574 1.522 0
15.622 1.525 0
15.670 1.529 0
15.718 1.534 0
15.765 1.538 0
15.813 1.543 0
15.861 1.549 0
15.908 1.554 0
15.956 1.560 0
16.003 1.566 0
16.051 1.573 0
16.098 1.579 0
16.145 1.587 0
16.193 1.594 0
16.240 1.602 0
16.287 1.609 0
16.335 1.618 0
16.382 1.626 0
16.429 1.635 0
16.476 1.644 0
16.523 1.654 0
16.570 1.663 0
16.617 1.673 0
16.663 1.684 0
16.710 1.694 0
16.757 1.705 0
16.803 1.716 0
16.850 1.728 0
16.896 1.740 0
16.943 1.752 0
16.989 1.764 0
17.035 1.777 0
17.081 1.790 0
17.127 1.803 0
17.173 1.816 0
17.219 1.830 0
17.265 1.844 0
17.311 1.859 0
17.356 1.873 0
17.402 1.888 0
17.447 1.903 0
17.493 1.919 0
17.538 1.935 0
17.583 1.951 0
17.628 1.967 0
17.673 1.984 0
17.718 2.001 0
17.762 2.018 0
17.807 2.035 0
17.851 2.053 0
17.896 2.071 0
17.940 2.090 0
17.984 2.108 0
18.028 2.127 0
18.072 2.146 0
18.116 2.166 0
18.160 2.185 0
18.203 2.205 0
18.247 2.226 0
18.290 2.246 0
18.333 2.267 0
18.376 2.288 0
18.419 2.309 0
18.462 2.331 0
18.504 2.353 0
18.547 2.375 0
18.589 2.398 0
18.631 2.420 0
18.673 2.443 0
18.715 2.466 0
18.757 2.490 0
18.799 2.514 0
18.840 2.538 0
18.881 2.562 0
18.923 2.586 0
18.964 2.611 0
19.004 2.636 0
19.045 2.661 0
19.086 2.687 0
19.126 2.713 0
19.166 2.739 0
19.206 2.765 0
19.246 2.792 0
19.286 2.819 0
19.325 2.846 0
19.365 2.873 0
19.404 2.900 0
19.443 2.928 0
19.482 2.956 0
19.521 2.985 0
19.559 3.013 0
19.597 3.042 0
19.635 3.071 0
19.673 3.100 0
19.711 3.130 0
19.749 3.159 0
19.786 3.189 0
19.823 3.219 0
19.860 3.250 0
19.897 3.280 0
19.934 3.311 0
19.970 3.342 0
20.006 3.374 0
20.043 3.405 0
20.078 3.437 0
20.114 3.469 0
20.149 3.501 0
20.185 3.534 0
20.220 3.567 0
20.254 3.600 0
20.289 3.633 0
20.324 3.666 0
20.358 3.700 0
20.392 3.733 0
20.425 3.767 0
20.459 3.801 0
20.492 3.836 0
20.525 3.871 0
20.558 3.905 0
20.591 3.940 0
20.624 3.976 0
20.656 4.011 0
20.688 4.047 0
20.720 4.082 0
20.751 4.119 0
20.783 4.155 0
20.814 4.191 0
20.845 4.228 0
20.875 4.265 0
20.906 4.302 0
20.936 4.339 0
20.966 4.376 0
20.995 4.414 0
21.025 4.452 0
21.054 4.490 0
21.083 4.528 0
21.112 4.566 0
21.140 4.604 0
21.169 4.643 0
21.197 4.682 0
21.225 4.721 0
21.252 4.760 0
21.279 4.800 0
21.306 4.839 0
21.333 4.879 0
21.360 4.919 0
21.386 4.959 0
21.412 4.999 0
21.438 5.039 0
21.464 5.080 0
21.489 5.121 0
21.514 5.161 0
21.539 5.202 0
21.563 5.244 0
21.587 5.285 0
21.611 5.326 0
21.635 5.368 0
21.659 5.410 0
21.682 5.452 0
21.705 5.494 0
21.727 5.536 0
21.750 5.578 0
21.772 5.621 0
21.794 5.663 0
21.816 5.706 0
21.837 5.749 0
21.858 5.792 0
21.879 5.835 0
21.899 5.878 0
21.920 5.922 0
21.940 5.965 0
21.959 6.009 0
21.979 6.053 0
21.998 6.097 0
22.017 6.141 0
22.035 6.185 0
22.054 6.229 0
22.072 6.274 0
22.090 6.318 0
22.107 6.363 0
22.124 6.407 0
22.141 6.452 0
22.158 6.497 0
22.174 6.542 0
22.190 6.587 0
22.206 6.632 0
22.222 6.678 0
22.237 6.723 0
22.252 6.769 0
22.266 6.814 0
22.281 6.860 0
22.295 6.906 0
22.309 6.952 0
22.322 6.998 0
22.335 7.044 0
22.348 7.090 0
22.361 7.136 0
22.373 7.182 0
22.385 7.229 0
22.397 7.275 0
22.409 7.322 0
22.420 7.368 0
22.431 7.415 0
22.441 7.462 0
22.452 7.508 0
22.462 7.555 0
22.471 7.602 0
22.481 7.649 0
22.490 7.696 0
22.499 7.743 0
22.507 7.790 0
22.516 7.838 0
22.523 7.885 0
22.531 7.932 0
22.538 7.980 0
22.546 8.027 0
22.552 8.074 0
22.559 8.122 0
22.565 8.169 0
22.571 8.217 0
22.576 8.264 0
22.582 8.312 0
22.587 8.360 0
22.591 8.407 0
22.596 8.455 0
22.600 8.503 0
22.603 8.551 0
22.607 8.598 0
22.610 8.646 0
22.613 8.694 0
22.615 8.742 0
22.618 8.790 0
22.620 8.838 0
22.621 8.885 0
22.623 8.933 0
22.624 8.981 0
22.624 9.029 0
22.625 9.077 0
22.625 9.125 0
22.625 9.173 0
22.624 9.221 0
22.624 9.269 0
22.623 9.317 0
22.621 9.365 0
22.620 9.412 0
22.618 9.460 0
22.615 9.508 0
22.613 9.556 0
22.610 9.604 0
22.607 9.652 0
22.603 9.699 0
22.600 9.747 0
22.596 9.795 0
22.591 9.843 0
22.587 9.890 0
22.582 9.938 0
22.576 9.986 0
22.571 10.033 0
22.565 10.081 0
22.559 10.128 0
22.552 10.176 0
22.546 10.223 0
22.538 10.270 0
22.531 10.318 0
22.523 10.365 0
22.516 10.412 0
22.507 10.460 0
22.499 10.507 0
22.490 10.554 0
22.481 10.601 0
22.471 10.648 0
22.462 10.695 0
22.452 10.742 0
22.441 10.788 0
22.431 10.835 0
22.420 10.882 0
22.409 10.928 0
22.397 10.975 0
22.385 11.021 0
22.373 11.068 0
22.361 11.114 0
22.348 11.160 0
22.335 11.206 0
22.322 11.252 0
22.309 11.298 0
22.295 11.344 0
22.281 11.390 0
22.266 11.436 0
22.252 11.481 0
22.237 11.527 0
22.222 11.572 0
22.206 11.618 0
22.190 11.663 0
22.174 11.708 0
22.158 11.753 0
22.141 11.798 0
22.124 11.843 0
22.107 11.887 0
22.090 11.932 0
22.072 11.976 0
22.054 12.021 0
22.035 12.065 0
22.017 12.109 0
21.998 12.153 0
21.979 12.197 0
21.959 12.241 0
21.940 12.285 0
21.920 12.328 0
21.899 12.372 0
21.879 12.415 0
21.858 12.458 0
21.837 12.501 0
21.816 12.544 0
21.794 12.587 0
21.772 12.629 0
21.750 12.672 0
21.727 12.714 0
21.705 12.756 0
21.682 12.798 0
21.659 12.840 0
21.635 12.882 0
21.611 12.924 0
21.587 12.965 0
21.563 13.006 0
21.539 13.048 0
21.514 13.089 0
21.489 13.129 0
21.464 13.170 0
21.438 13.211 0
21.412 13.251 0
21.386 13.291 0
21.360 13.331 0
21.333 13.371 0
21.306 13.411 0
21.279 13.450 0
21.252 13.490 0
21.225 13.529 0
21.197 13.568 0
21.169 13.607 0
21.140 13.646 0
21.112 13.684 0
21.083 13.722 0
21.054 13.760 0
21.025 13.798 0
20.995 13.836 0
20.966 13.874 0
20.936 13.911 0
20.906 13.948 0
20.875 13.985 0
20.845 14.022 0
20.814 14.059 0
20.783 14.095 0
20.751 14.131 0
20.720 14.168 0
20.688 14.203 0
20.656 14.239 0
20.624 14.274 0
20.591 14.310 0
20.558 14.345 0
20.525 14.379 0
20.492 14.414 0
20.459 14.449 0
20.425 14.483 0
20.392 14.517 0
20.358 14.550 0
20.324 14.584 0
20.289 14.617 0
20.254 14.650 0
20.220 14.683 0
20.185 14.716 0
20.149 14.749 0
20.114 14.781 0
20.078 14.813 0
20.043 14.845 0
20.006 14.876 0
19.970 14.908 0
19.934 14.939 0
19.897 14.970 0
19.860 15.000 0
19.823 15.031 0
19.786 15.061 0
19.749 15.091 0
19.711 15.120 0
19.673 15.150 0
19.635 15.179 0
19.597 15.208 0
19.559 15.237 0
19.521 15.265 0
19.482 15.294 0
19.443 15.322 0
19.404 15.350 0
19.365 15.377 0
19.325 15.404 0
19.286 15.431 0
19.246 15.458 0
19.206 15.485 0
19.166 15.511 0
19.126 15.537 0
19.086 15.563 0
19.045 15.589 0
19.004 15.614 0
18.964 15.639 0
18.923 15.664 0
18.881 15.688 0
18.840 15.712 0
18.799 15.736 0
18.757 15.760 0
18.715 15.784 0
18.673 15.807 0
18.631 15.830 0
18.589 15.852 0
18.547 15.875 0
18.504 15.897 0
18.462 15.919 0
18.419 15.941 0
18.376 15.962 0
18.333 15.983 0
18.290 16.004 0
18.247 16.024 0
18.203 16.045 0
18.160 16.065 0
18.116 16.084 0
18.072 16.104 0
18.028 16.123 0
17.984 16.142 0
17.940 16.160 0
17.896 16.179 0
17.851 16.197 0
17.807 16.215 0
17.762 16.232 0
17.718 16.249 0
17.673 16.266 0
17.628 16.283 0
17.583 16.299 0
17.538 16.315 0
17.493 16.331 0
17.447 16.347 0
17.402 16.362 0
17.356 16.377 0
17.311 16.391 0
17.265 16.406 0
17.219 16.420 0
17.173 16.434 0
17.127 16.447 0
17.081 16.460 0
17.035 16.473 0
16.989 16.486 0
16.943 16.498 0
16.896 16.510 0
16.850 16.522 0
16.803 16.534 0
16.757 16.545 0
16.710 16.556 0
16.663 16.566 0
16.617 16.577 0
16.570 16.587 0
16.523 16.596 0
16.476 16.606 0
16.429 16.615 0
16.382 16.624 0
16.335 16.632 0
16.287 16.641 0
16.240 16.648 0
16.193 16.656 0
16.145 16.663 0
16.098 16.671 0
16.051 16.677 0
16.003 16.684 0
15.956 16.690 0
15.908 16.696 0
15.861 16.701 0
15.813 16.707 0
15.765 16.712 0
15.718 16.716 0
15.670 16.721 0
15.622 16.725 0
15.574 16.728 0
15.527 16.732 0
15.479 16.735 0
15.431 16.738 0
15.383 16.740 0
15.335 16.743 0
15.287 16.745 0
15.240 16.746 0
15.192 16.748 0
15.144 16.749 0
15.096 16.749 0
15.048 16.750 0
15.000 16.750 0
14.952 16.750 0
14.904 16.749 0
14.856 16.749 0
14.808 16.748 0
14.760 16.746 0
14.713 16.745 0
14.665 16.743 0
14.617 16.740 0
14.569 16.738 0
14.521 16.735 0
14.473 16.732 0
14.426 16.728 0
14.378 16.725 0
14.330 16.721 0
14.282 16.716 0
14.235 16.712 0
14.187 16.707 0
14.139 16.701 0
14.092 16.696 0
14.044 16.690 0
13.997 16.684 0
13.949 16.677 0
13.902 16.671 0
13.855 16.663 0
13.807 16.656 0
13.760 16.648 0
13.713 16.641 0
13.665 16.632 0
13.618 16.624 0
13.571 16.615 0
13.524 16.606 0
13.477 16.596 0
13.430 16.587 0
13.383 16.577 0
13.337 16.566 0
13.290 16.556 0
13.243 16.545 0
13.197 16.534 0
13.150 16.522 0
13.104 16.510 0
13.057 16.498 0
13.011 16.486 0
12.965 16.473 0
12.919 16.460 0
12.873 16.447 0
12.827 16.434 0
12.781 16.420 0
12.735 16.406 0
12.689 16.391 0
12.644 16.377 0
12.598 16.362 0
12.553 16.347 0
12.507 16.331 0
12.462 16.315 0
12.417 16.299 0
12.372 16.283 0
12.327 16.266 0
12.282 16.249 0
12.238 16.232 0
12.193 16.215 0
12.149 16.197 0
12.104 16.179 0
12.060 16.160 0
12.016 16.142 0
11.972 16.123 0
11.928 16.104 0
11.884 16.084 0
11.840 16.065 0
11.797 16.045 0
11.753 16.024 0
11.710 16.004 0
11.667 15.983 0
11.624 15.962 0
11.581 15.941 0
11.538 15.919 0
11.496 15.897 0
11.453 15.875 0
11.411 15.852 0
11.369 15.830 0
11.327 15.807 0
11.285 15.784 0
11.243 15.760 0
11.201 15.736 0
11.160 15.712 0
11.119 15.688 0
11.077 15.664 0
11.036 15.639 0
10.996 15.614 0
10.955 15.589 0
10.914 15.563 0
10.874 15.537 0
10.834 15.511 0
10.794 15.485 0
10.754 15.458 0
10.714 15.431 0
10.675 15.404 0
10.635 15.377 0
10.596 15.350 0
10.557 15.322 0
10.518 15.294 0
10.479 15.265 0
10.441 15.237 0
10.403 15.208 0
10.365 15.179 0
10.327 15.150 0
10.289 15.120 0
10.251 15.091 0
10.214 15.061 0
10.177 15.031 0
10.140 15.000 0
10.103 14.970 0
10.066 14.939 0
10.030 14.908 0
9.994 14.876 0
9.957 14.845 0
9.922 14.813 0
9.886 14.781 0
9.851 14.749 0
9.815 14.716 0
9.780 14.683 0
9.746 14.650 0
9.711 14.617 0
9.676 14.584 0
9.642 14.550 0
9.608 14.517 0
9.575 14.483 0
9.541 14.449 0
9.508 14.414 0
9.475 14.379 0
9.442 14.345 0
9.409 14.310 0
9.376 14.274 0
9.344 14.239 0
9.312 14.203 0
9.280 14.168 0
9.249 14.131 0
9.217 14.095 0
9.186 14.059 0
9.155 14.022 0
9.125 13.985 0
9.094 13.948 0
9.064 13.911 0
9.034 13.874 0
9.005 13.836 0
8.975 13.798 0
8.946 13.760 0
8.917 13.722 0
8.888 13.684 0
8.860 13.646 0
8.831 13.607 0
8.803 13.568 0
8.775 13.529 0
8.748 13.490 0
8.721 13.450 0
8.694 13.411 0
8.667 13.371 0
8.640 13.331 0
8.614 13.291 0
8.588 13.251 0
8.562 13.211 0
8.536 13.170 0
8.511 13.129 0
8.486 13.089 0
8.461 13.048 0
8.437 13.006 0
8.413 12.965 0
8.389 12.924 0
8.365 12.882 0
8.341 12.840 0
8.318 12.798 0
8.295 12.756 0
8.273 12.714 0
8.250 12.672 0
8.228 12.629 0
8.206 12.587 0
8.184 12.544 0
8.163 12.501 0
8.142 12.458 0
8.121 12.415 0
8.101 12.372 0
8.080 12.328 0
8.060 12.285 0
8.041 12.241 0
8.021 12.197 0
8.002 12.153 0
7.983 12.109 0
7.965 12.065 0
7.946 12.021 0
7.928 11.976 0
7.910 11.932 0
7.893 11.887 0
7.876 11.843 0
7.859 11.798 0
7.842 11.753 0
7.826 11.708 0
7.810 11.663 0
7.794 11.618 0
7.778 11.572 0
7.763 11.527 0
7.748 11.481 0
7.734 11.436 0
7.719 11.390 0
7.705 11.344 0
7.691 11.298 0
7.678 11.252 0
7.665 11.206 0
7.652 11.160 0
7.639 11.114 0
7.627 11.068 0
7.615 11.021 0
7.603 10.975 0
7.591 10.928 0
7.580 10.882 0
7.569 10.835 0
7.559 10.788 0
7.548 10.742 0
7.538 10.695 0
7.529 10.648 0
7.519 10.601 0
7.510 10.554 0
7.501 10.507 0
7.493 10.460 0
7.484 10.412 0
7.477 10.365 0
7.469 10.318 0
7.462 10.270 0
7.454 10.223 0
7.448 10.176 0
7.441 10.128 0
7.435 10.081 0
7.429 10.033 0
7.424 9.986 0
7.418 9.938 0
7.413 9.890 0
7.409 9.843 0
7.404 9.795 0
7.400 9.747 0
7.397 9.699 0
7.393 9.652 0
7.390 9.604 0
7.387 9.556 0
7.385 9.508 0
7.382 9.460 0
7.380 9.412 0
7.379 9.365 0
7.377 9.317 0
7.376 9.269 0
7.376 9.221 0
7.375 9.173 0
7.375 9.125 0
7.375 9.077 0
7.376 9.029 0
7.376 8.981 0
7.377 8.933 0
7.379 8.885 0
7.380 8.838 0
7.382 8.790 0
7.385 8.742 0
7.387 8.694 0
7.390 8.646 0
7.393 8.598 0
7.397 8.551 0
7.400 8.503 0
7.404 8.455 0
7.409 8.407 0
7.413 8.360 0
7.418 8.312 0
7.424 8.264 0
7.429 8.217 0
7.435 8.169 0
7.441 8.122 0
7.448 8.074 0
7.454 8.027 0
7.462 7.980 0
7.469 7.932 0
7.477 7.885 0
7.484 7.838 0
7.493 7.790 0
7.501 7.743 0
7.510 7.696 0
7.519 7.649 0
7.529 7.602 0
7.538 7.555 0
7.548 7.508 0
7.559 7.462 0
7.569 7.415 0
7.580 7.368 0
7.591 7.322 0
7.603 7.275 0
7.615 7.229 0
7.627 7.182 0
7.639 7.136 0
7.652 7.090 0
7.665 7.044 0
7.678 6.998 0
7.691 6.952 0
7.705 6.906 0
7.719 6.860 0
7.734 6.814 0
7.748 6.769 0
7.763 6.723 0
7.778 6.678 0
7.794 6.632 0
7.810 6.587 0
7.826 6.542 0
7.842 6.497 0
7.859 6.452 0
7.876 6.407 0
7.893 6.363 0
7.910 6.318 0
7.928 6.274 0
7.946 6.229 0
7.965 6.185 0
7.983 6.141 0
8.002 6.097 0
8.021 6.053 0
8.041 6.009 0
8.060 5.965 0
8.080 5.922 0
8.101 5.878 0
8.121 5.835 0
8.142 5.792 0
8.163 5.749 0
8.184 5.706 0
8.206 5.663 0
8.228 5.621 0
8.250 5.578 0
8.273 5.536 0
8.295 5.494 0
8.318 5.452 0
8.341 5.410 0
8.365 5.368 0
8.389 5.326 0
8.413 5.285 0
8.437 5.244 0
8.461 5.202 0
8.486 5.161 0
8.511 5.121 0
8.536 5.080 0
8.562 5.039 0
8.588 4.999 0
8.614 4.959 0
8.640 4.919 0
8.667 4.879 0
8.694 4.839 0
8.721 4.800 0
8.748 4.760 0
8.775 4.721 0
8.803 4.682 0
8.831 4.643 0
8.860 4.604 0
8.888 4.566 0
8.917 4.528 0
8.946 4.490 0
8.975 4.452 0
9.005 4.414 0
9.034 4.376 0
9.064 4.339 0
9.094 4.302 0
9.125 4.265 0
9.155 4.228 0
9.186 4.191 0
9.217 4.155 0
9.249 4.119 0
9.280 4.082 0
9.312 4.047 0
9.344 4.011 0
9.376 3.976 0
9.409 3.940 0
9.442 3.905 0
9.475 3.871 0
9.508 3.836 0
9.541 3.801 0
9.575 3.767 0
9.608 3.733 0
9.642 3.700 0
9.676 3.666 0
9.711 3.633 0
9.746 3.600 0
9.780 3.567 0
9.815 3.534 0
9.851 3.501 0
9.886 3.469 0
9.922 3.437 0
9.957 3.405 0
9.994 3.374 0
10.030 3.342 0
10.066 3.311 0
10.103 3.280 0
10.140 3.250 0
10.177 3.219 0
10.214 3.189 0
10.251 3.159 0
10.289 3.130 0
10.327 3.100 0
10.365 3.071 0
10.403 3.042 0
10.441 3.013 0
10.479 2.985 0
10.518 2.956 0
10.557 2.928 0
10.596 2.900 0
10.635 2.873 0
10.675 2.846 0
10.714 2.819 0
10.754 2.792 0
10.794 2.765 0
10.834 2.739 0
10.874 2.713 0
10.914 2.687 0
10.955 2.661 0
10.996 2.636 0
11.036 2.611 0
11.077 2.586 0
11.119 2.562 0
11.160 2.538 0
11.201 2.514 0
11.243 2.490 0
11.285 2.466 0
11.327 2.443 0
11.369 2.420 0
11.411 2.398 0
11.453 2.375 0
11.496 2.353 0
11.538 2.331 0
11.581 2.309 0
11.624 2.288 0
11.667 2.267 0
11.710 2.246 0
11.753 2.226 0
11.797 2.205 0
11.840 2.185 0
11.884 2.166 0
11.928 2.146 0
11.972 2.127 0
12.016 2.108 0
12.060 2.090 0
12.104 2.071 0
12.149 2.053 0
12.193 2.035 0
12.238 2.018 0
12.282 2.001 0
12.327 1.984 0
12.372 1.967 0
12.417 1.951 0
12.462 1.935 0
12.507 1.919 0
12.553 1.903 0
12.598 1.888 0
12.644 1.873 0
12.689 1.859 0
12.735 1.844 0
12.781 1.830 0
12.827 1.816 0
12.873 1.803 0
12.919 1.790 0
12.965 1.777 0
13.011 1.764 0
13.057 1.752 0
13.104 1.740 0
13.150 1.728 0
13.197 1.716 0
13.243 1.705 0
13.290 1.694 0
13.337 1.684 0
13.383 1.673 0
13.430 1.663 0
13.477 1.654 0
13.524 1.644 0
13.571 1.635 0
13.618 1.626 0
13.665 1.618 0
13.713 1.609 0
13.760 1.602 0
13.807 1.594 0
13.855 1.587 0
13.902 1.579 0
13.949 1.573 0
13.997 1.566 0
14.044 1.560 0
14.092 1.554 0
14.139 1.549 0
14.187 1.543 0
14.235 1.538 0
14.282 1.534 0
14.330 1.529 0
14.378 1.525 0
14.426 1.522 0
14.473 1.518 0
14.521 1.515 0
14.569 1.512 0
14.617 1.510 0
14.665 1.507 0
14.713 1.505 0
14.760 1.504 0
14.808 1.502 0
14.856 1.501 0
14.904 1.501 0
14.952 1.500 0
