0.000 0 13
0.500 0 13
1.000 0 13
1.500 0 13
2.000 0 13
2.500 0 13
3.000 0 13
3.500 0 13
4.000 0 13
4.500 0 13
5.000 0 13
5.500 0 13
6.000 0 13
6.500 0 13
7.000 0 13
7.500 0 13
8.000 0 13
8.500 0 13
9.000 0 13
9.500 0 13
10.000 0 13
10.500 0 13
11.000 0 13
11.500 0 13
12.000 0 13
12.500 0 13
13.000 0 13
13.500 0 13
14.000 0 13
14.500 0 13
15.000 -0.425 11.0
15.273 -0.429 11.0
15.546 -0.442 11.0
15.819 -0.464 11.0
16.090 -0.494 11.0
16.361 -0.532 11.0
16.630 -0.579 11.0
16.898 -0.635 11.0
17.164 -0.698 11.0
17.427 -0.770 11.0
17.688 -0.851 11.0
17.947 -0.939 11.0
18.203 -1.036 11.0
18.455 -1.141 11.0
18.704 -1.253 11.0
18.950 -1.373 11.0
19.191 -1.501 11.0
19.429 -1.637 11.0
19.662 -1.779 11.0
19.890 -1.929 11.0
20.114 -2.087 11.0
20.332 -2.251 11.0
20.546 -2.422 11.0
20.753 -2.599 11.0
20.956 -2.783 11.0
21.152 -2.973 11.0
21.342 -3.169 11.0
21.526 -3.372 11.0
21.703 -3.579 11.0
21.874 -3.793 11.0
22.038 -4.011 11.0
22.196 -4.235 11.0
22.346 -4.463 11.0
22.488 -4.696 11.0
22.624 -4.934 11.0
22.752 -5.175 11.0
22.872 -5.421 11.0
22.984 -5.670 11.0
23.089 -5.922 11.0
23.186 -6.178 11.0
23.274 -6.437 11.0
23.355 -6.698 11.0
23.427 -6.961 11.0
23.490 -7.227 11.0
23.546 -7.495 11.0
23.593 -7.764 11.0
23.631 -8.035 11.0
23.661 -8.306 11.0
23.683 -8.579 11.0
23.696 -8.852 11.0
23.700 -9.125 11.0
23.696 -9.398 11.0
23.683 -9.671 11.0
23.661 -9.944 11.0
23.631 -10.215 11.0
23.593 -10.486 11.0
23.546 -10.755 11.0
23.490 -11.023 11.0
23.427 -11.289 11.0
23.355 -11.552 11.0
23.274 -11.813 11.0
23.186 -12.072 11.0
23.089 -12.328 11.0
22.984 -12.580 11.0
22.872 -12.829 11.0
22.752 -13.075 11.0
22.624 -13.316 11.0
22.488 -13.554 11.0
22.346 -13.787 11.0
22.196 -14.015 11.0
22.038 -14.239 11.0
21.874 -14.457 11.0
21.703 -14.671 11.0
21.526 -14.878 11.0
21.342 -15.081 11.0
21.152 -15.277 11.0
20.956 -15.467 11.0
20.753 -15.651 11.0
20.546 -15.828 11.0
20.332 -15.999 11.0
20.114 -16.163 11.0
19.890 -16.321 11.0
19.662 -16.471 11.0
19.429 -16.613 11.0
19.191 -16.749 11.0
18.950 -16.877 11.0
18.704 -16.997 11.0
18.455 -17.109 11.0
18.203 -17.214 11.0
17.947 -17.311 11.0
17.688 -17.399 11.0
17.427 -17.480 11.0
17.164 -17.552 11.0
16.898 -17.615 11.0
16.630 -17.671 11.0
16.361 -17.718 11.0
16.090 -17.756 11.0
15.819 -17.786 11.0
15.546 -17.808 11.0
15.273 -17.821 11.0
15.000 -17.825 11.0
14.727 -17.821 11.0
14.454 -17.808 11.0
14.181 -17.786 11.0
13.910 -17.756 11.0
13.639 -17.718 11.0
13.370 -17.671 11.0
13.102 -17.615 11.0
12.836 -17.552 11.0
12.573 -17.480 11.0
12.312 -17.399 11.0
12.053 -17.311 11.0
11.797 -17.214 11.0
11.545 -17.109 11.0
11.296 -16.997 11.0
11.050 -16.877 11.0
10.809 -16.749 11.0
10.571 -16.613 11.0
10.338 -16.471 11.0
10.110 -16.321 11.0
9.886 -16.163 11.0
9.668 -15.999 11.0
9.454 -15.828 11.0
9.247 -15.651 11.0
9.044 -15.467 11.0
8.848 -15.277 11.0
8.658 -15.081 11.0
8.474 -14.878 11.0
8.297 -14.671 11.0
8.126 -14.457 11.0
7.962 -14.239 11.0
7.804 -14.015 11.0
7.654 -13.787 11.0
7.512 -13.554 11.0
7.376 -13.316 11.0
7.248 -13.075 11.0
7.128 -12.829 11.0
7.016 -12.580 11.0
6.911 -12.328 11.0
6.814 -12.072 11.0
6.726 -11.813 11.0
6.645 -11.552 11.0
6.573 -11.289 11.0
6.510 -11.023 11.0
6.454 -10.755 11.0
6.407 -10.486 11.0
6.369 -10.215 11.0
6.339 -9.944 11.0
6.317 -9.671 11.0
6.304 -9.398 11.0
6.300 -9.125 11.0
6.304 -8.852 11.0
6.317 -8.579 11.0
6.339 -8.306 11.0
6.369 -8.035 11.0
6.407 -7.764 11.0
6.454 -7.495 11.0
6.510 -7.227 11.0
6.573 -6.961 11.0
6.645 -6.698 11.0
6.726 -6.437 11.0
6.814 -6.178 11.0
6.911 -5.922 11.0
7.016 -5.670 11.0
7.128 -5.421 11.0
7.248 -5.175 11.0
7.376 -4.934 11.0
7.512 -4.696 11.0
7.654 -4.463 11.0
7.804 -4.235 11.0
7.962 -4.011 11.0
8.126 -3.793 11.0
8.297 -3.579 11.0
8.474 -3.372 11.0
8.658 -3.169 11.0
8.848 -2.973 11.0
9.044 -2.783 11.0
9.247 -2.599 11.0
9.454 -2.422 11.0
9.668 -2.251 11.0
9.886 -2.087 11.0
10.110 -1.929 11.0
10.338 -1.779 11.0
10.571 -1.637 11.0
10.809 -1.501 11.0
11.050 -1.373 11.0
11.296 -1.253 11.0
11.545 -1.141 11.0
11.797 -1.036 11.0
12.053 -0.939 11.0
12.312 -0.851 11.0
12.573 -0.770 11.0
12.836 -0.698 11.0
13.102 -0.635 11.0
13.370 -0.579 11.0
13.639 -0.532 11.0
13.910 -0.494 11.0
14.181 -0.464 11.0
14.454 -0.442 11.0
14.727 -0.429 11.0
15.000 -0.425 11.0
15.273 -0.429 11.0
15.546 -0.442 11.0
15.819 -0.464 11.0
16.090 -0.494 11.0
16.361 -0.532 11.0
16.630 -0.579 11.0
16.898 -0.635 11.0
17.164 -0.698 11.0
17.427 -0.770 11.0
17.688 -0.851 11.0
17.947 -0.939 11.0
18.203 -1.036 11.0
18.455 -1.141 11.0
18.704 -1.253 11.0
18.950 -1.373 11.0
19.191 -1.501 11.0
19.429 -1.637 11.0
19.662 -1.779 11.0
19.890 -1.929 11.0
20.114 -2.087 11.0
20.332 -2.251 11.0
20.546 -2.422 11.0
20.753 -2.599 11.0
20.956 -2.783 11.0
21.152 -2.973 11.0
21.342 -3.169 11.0
21.526 -3.372 11.0
21.703 -3.579 11.0
21.874 -3.793 11.0
22.038 -4.011 11.0
22.196 -4.235 11.0
22.346 -4.463 11.0
22.488 -4.696 11.0
22.624 -4.934 11.0
22.752 -5.175 11.0
22.872 -5.421 11.0
22.984 -5.670 11.0
23.089 -5.922 11.0
23.186 -6.178 11.0
23.274 -6.437 11.0
23.355 -6.698 11.0
23.427 -6.961 11.0
23.490 -7.227 11.0
23.546 -7.495 11.0
23.593 -7.764 11.0
23.631 -8.035 11.0
23.661 -8.306 11.0
23.683 -8.579 11.0
23.696 -8.852 11.0
23.700 -9.125 11.0
23.696 -9.398 11.0
23.683 -9.671 11.0
23.661 -9.944 11.0
23.631 -10.215 11.0
23.593 -10.486 11.0
23.546 -10.755 11.0
23.490 -11.023 11.0
23.427 -11.289 11.0
23.355 -11.552 11.0
23.274 -11.813 11.0
23.186 -12.072 11.0
23.089 -12.328 11.0
22.984 -12.580 11.0
22.872 -12.829 11.0
22.752 -13.075 11.0
22.624 -13.316 11.0
22.488 -13.554 11.0
22.346 -13.787 11.0
22.196 -14.015 11.0
22.038 -14.239 11.0
21.874 -14.457 11.0
21.703 -14.671 11.0
21.526 -14.878 11.0
21.342 -15.081 11.0
21.152 -15.277 11.0
20.956 -15.467 11.0
20.753 -15.651 11.0
20.546 -15.828 11.0
20.332 -15.999 11.0
20.114 -16.163 11.0
19.890 -16.321 11.0
19.662 -16.471 11.0
19.429 -16.613 11.0
19.191 -16.749 11.0
18.950 -16.877 11.0
18.704 -16.997 11.0
18.455 -17.109 11.0
18.203 -17.214 11.0
17.947 -17.311 11.0
17.688 -17.399 11.0
17.427 -17.480 11.0
17.164 -17.552 11.0
16.898 -17.615 11.0
16.630 -17.671 11.0
16.361 -17.718 11.0
16.090 -17.756 11.0
15.819 -17.786 11.0
15.546 -17.808 11.0
15.273 -17.821 11.0
15.000 -17.825 11.0
14.727 -17.821 11.0
14.454 -17.808 11.0
14.181 -17.786 11.0
13.910 -17.756 11.0
13.639 -17.718 11.0
13.370 -17.671 11.0
13.102 -17.615 11.0
12.836 -17.552 11.0
12.573 -17.480 11.0
12.312 -17.399 11.0
12.053 -17.311 11.0
11.797 -17.214 11.0
11.545 -17.109 11.0
11.296 -16.997 11.0
11.050 -16.877 11.0
10.809 -16.749 11.0
10.571 -16.613 11.0
10.338 -16.471 11.0
10.110 -16.321 11.0
9.886 -16.163 11.0
9.668 -15.999 11.0
9.454 -15.828 11.0
9.247 -15.651 11.0
9.044 -15.467 11.0
8.848 -15.277 11.0
8.658 -15.081 11.0
8.474 -14.878 11.0
8.297 -14.671 11.0
8.126 -14.457 11.0
7.962 -14.239 11.0
7.804 -14.015 11.0
7.654 -13.787 11.0
7.512 -13.554 11.0
7.376 -13.316 11.0
7.248 -13.075 11.0
7.128 -12.829 11.0
7.016 -12.580 11.0
6.911 -12.328 11.0
6.814 -12.072 11.0
6.726 -11.813 11.0
6.645 -11.552 11.0
6.573 -11.289 11.0
6.510 -11.023 11.0
6.454 -10.755 11.0
6.407 -10.486 11.0
6.369 -10.215 11.0
6.339 -9.944 11.0
6.317 -9.671 11.0
6.304 -9.398 11.0
6.300 -9.125 11.0
6.304 -8.852 11.0
6.317 -8.579 11.0
6.339 -8.306 11.0
6.369 -8.035 11.0
6.407 -7.764 11.0
6.454 -7.495 11.0
6.510 -7.227 11.0
6.573 -6.961 11.0
6.645 -6.698 11.0
6.726 -6.437 11.0
6.814 -6.178 11.0
6.911 -5.922 11.0
7.016 -5.670 11.0
7.128 -5.421 11.0
7.248 -5.175 11.0
7.376 -4.934 11.0
7.512 -4.696 11.0
7.654 -4.463 11.0
7.804 -4.235 11.0
7.962 -4.011 11.0
8.126 -3.793 11.0
8.297 -3.579 11.0
8.474 -3.372 11.0
8.658 -3.169 11.0
8.848 -2.973 11.0
9.044 -2.783 11.0
9.247 -2.599 11.0
9.454 -2.422 11.0
9.668 -2.251 11.0
9.886 -2.087 11.0
10.110 -1.929 11.0
10.338 -1.779 11.0
10.571 -1.637 11.0
10.809 -1.501 11.0
11.050 -1.373 11.0
11.296 -1.253 11.0
11.545 -1.141 11.0
11.797 -1.036 11.0
12.053 -0.939 11.0
12.312 -0.851 11.0
12.573 -0.770 11.0
12.836 -0.698 11.0
13.102 -0.635 11.0
13.370 -0.579 11.0
13.639 -0.532 11.0
13.910 -0.494 11.0
14.181 -0.464 11.0
14.454 -0.442 11.0
14.727 -0.429 11.0
15.000 0.425 11.0
15.273 0.429 11.0
15.546 0.442 11.0
15.819 0.464 11.0
16.090 0.494 11.0
16.361 0.532 11.0
16.630 0.579 11.0
16.898 0.635 11.0
17.164 0.698 11.0
17.427 0.770 11.0
17.688 0.851 11.0
17.947 0.939 11.0
18.203 1.036 11.0
18.455 1.141 11.0
18.704 1.253 11.0
18.950 1.373 11.0
19.191 1.501 11.0
19.429 1.637 11.0
19.662 1.779 11.0
19.890 1.929 11.0
20.114 2.087 11.0
20.332 2.251 11.0
20.546 2.422 11.0
20.753 2.599 11.0
20.956 2.783 11.0
21.152 2.973 11.0
21.342 3.169 11.0
21.526 3.372 11.0
21.703 3.579 11.0
21.874 3.793 11.0
22.038 4.011 11.0
22.196 4.235 11.0
22.346 4.463 11.0
22.488 4.696 11.0
22.624 4.934 11.0
22.752 5.175 11.0
22.872 5.421 11.0
22.984 5.670 11.0
23.089 5.922 11.0
23.186 6.178 11.0
23.274 6.437 11.0
23.355 6.698 11.0
23.427 6.961 11.0
23.490 7.227 11.0
23.546 7.495 11.0
23.593 7.764 11.0
23.631 8.035 11.0
23.661 8.306 11.0
23.683 8.579 11.0
23.696 8.852 11.0
23.700 9.125 11.0
23.696 9.398 11.0
23.683 9.671 11.0
23.661 9.944 11.0
23.631 10.215 11.0
23.593 10.486 11.0
23.546 10.755 11.0
23.490 11.023 11.0
23.427 11.289 11.0
23.355 11.552 11.0
23.274 11.813 11.0
23.186 12.072 11.0
23.089 12.328 11.0
22.984 12.580 11.0
22.872 12.829 11.0
22.752 13.075 11.0
22.624 13.316 11.0
22.488 13.554 11.0
22.346 13.787 11.0
22.196 14.015 11.0
22.038 14.239 11.0
21.874 14.457 11.0
21.703 14.671 11.0
21.526 14.878 11.0
21.342 15.081 11.0
21.152 15.277 11.0
20.956 15.467 11.0
20.753 15.651 11.0
20.546 15.828 11.0
20.332 15.999 11.0
20.114 16.163 11.0
19.890 16.321 11.0
19.662 16.471 11.0
19.429 16.613 11.0
19.191 16.749 11.0
18.950 16.877 11.0
18.704 16.997 11.0
18.455 17.109 11.0
18.203 17.214 11.0
17.947 17.311 11.0
17.688 17.399 11.0
17.427 17.480 11.0
17.164 17.552 11.0
16.898 17.615 11.0
16.630 17.671 11.0
16.361 17.718 11.0
16.090 17.756 11.0
15.819 17.786 11.0
15.546 17.808 11.0
15.273 17.821 11.0
15.000 17.825 11.0
14.727 17.821 11.0
14.454 17.808 11.0
14.181 17.786 11.0
13.910 17.756 11.0
13.639 17.718 11.0
13.370 17.671 11.0
13.102 17.615 11.0
12.836 17.552 11.0
12.573 17.480 11.0
12.312 17.399 11.0
12.053 17.311 11.0
11.797 17.214 11.0
11.545 17.109 11.0
11.296 16.997 11.0
11.050 16.877 11.0
10.809 16.749 11.0
10.571 16.613 11.0
10.338 16.471 11.0
10.110 16.321 11.0
9.886 16.163 11.0
9.668 15.999 11.0
9.454 15.828 11.0
9.247 15.651 11.0
9.044 15.467 11.0
8.848 15.277 11.0
8.658 15.081 11.0
8.474 14.878 11.0
8.297 14.671 11.0
8.126 14.457 11.0
7.962 14.239 11.0
7.804 14.015 11.0
7.654 13.787 11.0
7.512 13.554 11.0
7.376 13.316 11.0
7.248 13.075 11.0
7.128 12.829 11.0
7.016 12.580 11.0
6.911 12.328 11.0
6.814 12.072 11.0
6.726 11.813 11.0
6.645 11.552 11.0
6.573 11.289 11.0
6.510 11.023 11.0
6.454 10.755 11.0
6.407 10.486 11.0
6.369 10.215 11.0
6.339 9.944 11.0
6.317 9.671 11.0
6.304 9.398 11.0
6.300 9.125 11.0
6.304 8.852 11.0
6.317 8.579 11.0
6.339 8.306 11.0
6.369 8.035 11.0
6.407 7.764 11.0
6.454 7.495 11.0
6.510 7.227 11.0
6.573 6.961 11.0
6.645 6.698 11.0
6.726 6.437 11.0
6.814 6.178 11.0
6.911 5.922 11.0
7.016 5.670 11.0
7.128 5.421 11.0
7.248 5.175 11.0
7.376 4.934 11.0
7.512 4.696 11.0
7.654 4.463 11.0
7.804 4.235 11.0
7.962 4.011 11.0
8.126 3.793 11.0
8.297 3.579 11.0
8.474 3.372 11.0
8.658 3.169 11.0
8.848 2.973 11.0
9.044 2.783 11.0
9.247 2.599 11.0
9.454 2.422 11.0
9.668 2.251 11.0
9.886 2.087 11.0
10.110 1.929 11.0
10.338 1.779 11.0
10.571 1.637 11.0
10.809 1.501 11.0
11.050 1.373 11.0
11.296 1.253 11.0
11.545 1.141 11.0
11.797 1.036 11.0
12.053 0.939 11.0
12.312 0.851 11.0
12.573 0.770 11.0
12.836 0.698 11.0
13.102 0.635 11.0
13.370 0.579 11.0
13.639 0.532 11.0
13.910 0.494 11.0
14.181 0.464 11.0
14.454 0.442 11.0
14.727 0.429 11.0
15.000 0.425 11.0
15.273 0.429 11.0
15.546 0.442 11.0
15.819 0.464 11.0
16.090 0.494 11.0
16.361 0.532 11.0
16.630 0.579 11.0
16.898 0.635 11.0
17.164 0.698 11.0
17.427 0.770 11.0
17.688 0.851 11.0
17.947 0.939 11.0
18.203 1.036 11.0
18.455 1.141 11.0
18.704 1.253 11.0
18.950 1.373 11.0
19.191 1.501 11.0
19.429 1.637 11.0
19.662 1.779 11.0
19.890 1.929 11.0
20.114 2.087 11.0
20.332 2.251 11.0
20.546 2.422 11.0
20.753 2.599 11.0
20.956 2.783 11.0
21.152 2.973 11.0
21.342 3.169 11.0
21.526 3.372 11.0
21.703 3.579 11.0
21.874 3.793 11.0
22.038 4.011 11.0
22.196 4.235 11.0
22.346 4.463 11.0
22.488 4.696 11.0
22.624 4.934 11.0
22.752 5.175 11.0
22.872 5.421 11.0
22.984 5.670 11.0
23.089 5.922 11.0
23.186 6.178 11.0
23.274 6.437 11.0
23.355 6.698 11.0
23.427 6.961 11.0
23.490 7.227 11.0
23.546 7.495 11.0
23.593 7.764 11.0
23.631 8.035 11.0
23.661 8.306 11.0
23.683 8.579 11.0
23.696 8.852 11.0
23.700 9.125 11.0
23.696 9.398 11.0
23.683 9.671 11.0
23.661 9.944 11.0
23.631 10.215 11.0
23.593 10.486 11.0
23.546 10.755 11.0
23.490 11.023 11.0
23.427 11.289 11.0
23.355 11.552 11.0
23.274 11.813 11.0
23.186 12.072 11.0
23.089 12.328 11.0
22.984 12.580 11.0
22.872 12.829 11.0
22.752 13.075 11.0
22.624 13.316 11.0
22.488 13.554 11.0
22.346 13.787 11.0
22.196 14.015 11.0
22.038 14.239 11.0
21.874 14.457 11.0
21.703 14.671 11.0
21.526 14.878 11.0
21.342 15.081 11.0
21.152 15.277 11.0
20.956 15.467 11.0
20.753 15.651 11.0
20.546 15.828 11.0
20.332 15.999 11.0
20.114 16.163 11.0
19.890 16.321 11.0
19.662 16.471 11.0
19.429 16.613 11.0
19.191 16.749 11.0
18.950 16.877 11.0
18.704 16.997 11.0
18.455 17.109 11.0
18.203 17.214 11.0
17.947 17.311 11.0
17.688 17.399 11.0
17.427 17.480 11.0
17.164 17.552 11.0
16.898 17.615 11.0
16.630 17.671 11.0
16.361 17.718 11.0
16.090 17.756 11.0
15.819 17.786 11.0
15.546 17.808 11.0
15.273 17.821 11.0
15.000 17.825 11.0
14.727 17.821 11.0
14.454 17.808 11.0
14.181 17.786 11.0
13.910 17.756 11.0
13.639 17.718 11.0
13.370 17.671 11.0
13.102 17.615 11.0
12.836 17.552 11.0
12.573 17.480 11.0
12.312 17.399 11.0
12.053 17.311 11.0
11.797 17.214 11.0
11.545 17.109 11.0
11.296 16.997 11.0
11.050 16.877 11.0
10.809 16.749 11.0
10.571 16.613 11.0
10.338 16.471 11.0
10.110 16.321 11.0
9.886 16.163 11.0
9.668 15.999 11.0
9.454 15.828 11.0
9.247 15.651 11.0
9.044 15.467 11.0
8.848 15.277 11.0
8.658 15.081 11.0
8.474 14.878 11.0
8.297 14.671 11.0
8.126 14.457 11.0
7.962 14.239 11.0
7.804 14.015 11.0
7.654 13.787 11.0
7.512 13.554 11.0
7.376 13.316 11.0
7.248 13.075 11.0
7.128 12.829 11.0
7.016 12.580 11.0
6.911 12.328 11.0
6.814 12.072 11.0
6.726 11.813 11.0
6.645 11.552 11.0
6.573 11.289 11.0
6.510 11.023 11.0
6.454 10.755 11.0
6.407 10.486 11.0
6.369 10.215 11.0
6.339 9.944 11.0
6.317 9.671 11.0
6.304 9.398 11.0
6.300 9.125 11.0
6.304 8.852 11.0
6.317 8.579 11.0
6.339 8.306 11.0
6.369 8.035 11.0
6.407 7.764 11.0
6.454 7.495 11.0
6.510 7.227 11.0
6.573 6.961 11.0
6.645 6.698 11.0
6.726 6.437 11.0
6.814 6.178 11.0
6.911 5.922 11.0
7.016 5.670 11.0
7.128 5.421 11.0
7.248 5.175 11.0
7.376 4.934 11.0
7.512 4.696 11.0
7.654 4.463 11.0
7.804 4.235 11.0
7.962 4.011 11.0
8.126 3.793 11.0
8.297 3.579 11.0
8.474 3.372 11.0
8.658 3.169 11.0
8.848 2.973 11.0
9.044 2.783 11.0
9.247 2.599 11.0
9.454 2.422 11.0
9.668 2.251 11.0
9.886 2.087 11.0
10.110 1.929 11.0
10.338 1.779 11.0
10.571 1.637 11.0
10.809 1.501 11.0
11.050 1.373 11.0
11.296 1.253 11.0
11.545 1.141 11.0
11.797 1.036 11.0
12.053 0.939 11.0
12.312 0.851 11.0
12.573 0.770 11.0
12.836 0.698 11.0
13.102 0.635 11.0
13.370 0.579 11.0
13.639 0.532 11.0
13.910 0.494 11.0
14.181 0.464 11.0
14.454 0.442 11.0
14.727 0.429 11.0
15.000 0 2.5
15.500 0 2.5
16.000 0 2.5
16.500 0 2.5
17.000 0 2.5
17.500 0 2.5
18.000 0 2.5
18.500 0 2.5
19.000 0 2.5
19.500 0 2.5
20.000 0 2.5
20.500 0 2.5
21.000 0 2.5
21.500 0 2.5
22.000 0 2.5
22.500 0 2.5
23.000 0 2.5
23.500 0 2.5
24.000 0 2.5
24.500 0 2.5
25.000 0 2.5
25.500 0 2.5
26.000 0 2.5
26.500 0 2.5
27.000 0 2.5
27.500 0 2.5
28.000 0 2.5
28.500 0 2.5
29.000 0 2.5
29.500 0 2.5
30.000 0 0
30.500 0 0
31.000 0 0
31.500 0 0
32.000 0 0
32.500 0 0
33.000 0 0
33.500 0 0
34.000 0 0
34.500 0 0
35.000 0 0
35.500 0 0
36.000 0 0
36.500 0 0
37.000 0 0
37.500 0 0
38.000 0 0
38.500 0 0
39.000 0 0
39.500 0 0
40.000 0 0
40.500 0 0
41.000 0 0
41.500 0 0
42.000 0 0
42.500 0 0
43.000 0 0
43.500 0 0
44.000 0 0
44.500 0 0
45.000 0 0
45.500 0 0
46.000 0 0
46.500 0 0
47.000 0 0
47.500 0 0
48.000 0 0
48.500 0 0
49.000 0 0
49.500 0 0
